A -0.892010102144598 -0.000107821925010274 0.0197423303169093 0.00737639196936641 1.14438209249652
C -1.52991185111779 0.00295629658124367 -0.00966922142105442 -0.0281760026305022 1.20042034895877
D -1.87424400807443 -0.0020091879933623 0.0498067326141947 0.269526379924747 -0.0413021559257497
E -1.74714250674804 -0.00152730955172117 0.0535626622599277 0.721023615532566 -1.52717564024779
F -0.715189561985607 -0.000889774404788778 -0.0057495267562385 -0.223224006268819 0.738840588325912
G -1.2013869914376 -0.00148252540389263 0.034394369428185 0.0241463133521463 0.304219795494816
H -2.12194454858347 -0.00118416821721017 0.0346505498033129 -0.227516774458169 1.53279718654734
I -0.554086751720908 0.00054985008154285 -0.00702146876547095 0.0251513829077603 0.158407089655491
K -2.08102404467968 -0.00125487703817336 0.0562294180030181 0.13934058351405 0.70495774578629
M -1.5153881441891 -0.00081561174619151 0.00568397995267838 -0.37133143141298 0.811856926662683
N -2.04456300578906 -0.00135065211599508 0.0470417144201344 -0.16649989930667 0.951844587481377
P -1.81885871838923 -0.000820105380789372 0.0453814229792635 0.149703053761015 -0.903262748663404
Q -1.99071424295612 -0.000727149195243826 0.0470169415640959 0.189750789955474 -0.486704963771144
R -1.78702152339702 -0.000771333331299684 0.0444606092300203 -0.264680651824759 1.47435748201645
S -1.25699628695623 -0.000326340271888727 0.0363159206619763 0.19143146502442 -0.439134086817216
T -1.39112472667978 -0.000720278312562978 0.0337480362861736 0.140732993947525 -0.0222529424418532
V -0.483688433102207 0.000863761318002582 0.00173055284226206 -0.0135018834261044 0.596858142012401
W -1.88438107663391 -0.000766832241878016 -0.000561286771561248 -0.12441158333648 0.270019264686675
Y -1.27288959478403 -0.000400009300169369 0.0113109448390885 -0.270369544781011 1.43965612759437
