A -0.844713924617134 -0.00143121394800442 0.0215468203221365 -0.488683878541212 1.04940426493376
C -1.46800157266395 -7.57616058610191e-06 -0.00606309879010703 -0.104833942144592 0.677567747858262
D -1.89473373427495 -0.00149265611553499 0.0500585034598792 -0.70875145628357 1.21196877602756
E -1.78537861508404 -0.0019126657461234 0.0536929161410463 -0.491692262543489 0.108246543700559
F -0.759720786179105 -0.000430290573812226 -0.00420341817544442 -0.225843093431871 0.768350703043609
G -1.21089493904399 -0.00143781970139538 0.035132067865377 -0.28315701682392 0.692064265107637
H -2.14422547411014 -0.00115248728658536 0.0351276696990262 -0.988187723654938 3.1460523785816
I -0.626116092085749 -5.60347184986692e-05 -0.00541032574582204 -0.180269059785663 0.569712684040347
K -2.07379304536005 -0.0017904696063579 0.0567467150369745 -0.490047064003483 0.537148049716784
M -1.60816824685441 -0.00135675325381701 0.00623556644112868 -0.413724203099113 -0.179588627931217
N -2.05138874735282 -0.00180124617749838 0.0479593946335929 -0.423596706760957 0.66256393221896
P -1.82137786931273 -0.00218667360672549 0.0464603604358107 -0.00622852362069229 -0.000358922590380268
Q -1.99691110154556 -0.00109752354575457 0.04737791450746 -0.333037205834818 0.336093572373118
R -1.82262671129357 -0.000997085713568946 0.0456341500713305 -0.5491209525701 1.57760857935041
S -1.26473708955314 -0.000804374757468222 0.0372169769595722 -0.361956402631631 0.505050954919183
T -1.34812233036168 -0.00120129618814804 0.0344790130294788 -0.14319272106744 -0.477383755189705
V -0.451518188709431 -0.000362764902420056 0.00269049154102341 -0.0135615394390958 -0.272836150503655
W -1.7647390242927 -0.00236835231318998 0.000132218162656229 -0.124276955343738 -0.419235752109316
Y -1.23996998294781 -0.00120369624696289 0.0121424272239749 -0.406498343392267 1.09010627364369
