A -0.850702937762069 -0.000127474776303589 0.0205308943816371 -0.523955290733033 1.95223822386956
C -1.36364243992651 0.00038724680600125 -0.00843258682578519 -0.017426386417015 0.705746311141338
D -1.90419919790051 -0.000667528660362988 0.0495823966761324 -0.548482829261395 1.7917605239551
E -1.80516497387178 -0.000497117147163098 0.0530592449817531 -0.28697241301293 0.422173214485319
F -0.777342196216049 7.74416488580635e-05 -0.00463598697913151 -0.178064202087759 1.24537181138096
G -1.19101742439621 -0.000958349920515465 0.03477838263027 -0.696674071587072 2.50599355692633
H -2.14102155116942 -0.000697663400825925 0.0345004708649659 -0.672099496497035 2.8254090157177
I -0.59835461807313 9.19461761703107e-05 -0.00551899687736924 -0.0141698389177567 0.592608997406651
K -2.10841753117162 -0.000383729395385745 0.0559171462313155 -0.408301613145026 1.52998793036956
M -1.65188523890861 -0.000616824718196657 0.00610253089051307 -0.200095815006297 0.174742318079499
N -2.05922463542567 -0.00112014942829988 0.0472526670072598 -0.615236256829428 1.7199354871229
P -1.8679068333985 -0.000780981142791034 0.0460892540954193 -0.425782737241037 1.30938944277942
Q -2.03984283512615 -0.000435257538695198 0.0470211863158658 -0.445085855050267 1.1419042764169
R -1.80117184600213 -7.04480382270313e-05 0.044608054166638 -0.560696348808896 2.20035756690983
S -1.24933724656358 -0.000585701566604545 0.0366456024823688 -0.275477505909084 1.1309311740279
T -1.33960344370153 -0.000714254683447443 0.0339671943789856 -0.0405936974710989 0.435970885645825
V -0.461099351221348 0.000148862193649953 0.00272065500867547 -0.144543823737592 1.04813706773999
W -1.82414172776872 -0.00078531649967861 0.00014669983052971 0.0119403794772139 0.686869721966591
Y -1.26020557196135 -0.000210613132531715 0.0114384531524009 -0.325624026248738 1.79378911604088
