A -0.849584341352381 -0.000231063294827905 0.021144402766636 -0.372166144129079 0.897846456761447
C -1.47831509262848 0.00266901289694724 -0.00836257780060403 -0.0370342679491573 0.660566216972502
D -1.91638611541894 -0.000806200004802689 0.0506584921094947 -0.439692164487951 0.822498519158286
E -1.82868200768472 -0.000518159409892317 0.0539209830734097 -0.261215397513114 0.151974673637792
F -0.766823759530486 7.11990298803994e-05 -0.00380626723016421 -0.113225489536404 0.539248039170669
G -1.22479882759087 -0.000680351992654062 0.0358059326378725 -0.341542241230239 0.671842878022287
H -2.16042180739555 -0.000874381994461538 0.0355127398988204 -0.742538547530322 2.36745817093339
I -0.61351441242136 0.000579128939631935 -0.00511536741196987 -0.118017738584188 0.423838810250467
K -2.11175798282063 -0.000402136844550724 0.0566693747624823 -0.537929517102749 1.19301734991397
M -1.62209239341854 -0.00108741504195179 0.00652312571329815 -0.361953948505181 -0.232967262948117
N -2.07189651195716 -0.000503456513837401 0.0482320102405489 -0.551669571221558 0.975641443844397
P -1.85812891948837 -0.000604935445144768 0.0464288972494747 -0.15143726949852 -0.0375606762451085
Q -2.02846426815594 -0.000561900027648001 0.0475598603322475 -0.495876411238191 0.917910192420746
R -1.82032319316535 -0.000559140089972328 0.0455804971860991 -0.678013187432425 1.85472231165098
S -1.26604915959905 1.90526794800887e-05 0.0374558841974833 -0.253840351195102 0.260400436684967
T -1.40811280105083 6.88457964108094e-05 0.0355019065118498 -0.378220997701546 0.462449722485146
V -0.51329886405305 0.000437792095744946 0.00398652417816977 -0.209271297095388 0.994546847377567
W -1.85332645871346 8.29186541476157e-06 -0.000301528363458582 0.0858005896085524 -0.164838398368757
Y -1.27663594590153 0.000534588553908322 0.0121574231113848 -0.230214531528392 0.901149221517067
