A -0.819522947707065 -0.000416331743893668 0.020736531993237 -0.173879320624884 -0.0628315203161216
C -1.40734666524723 0.00232010125022949 -0.00771778370408255 0.0131206983147635 -0.0750351835224183
D -1.8536922993789 -0.00104542375535038 0.0496779526761956 0.0116085685510132 -0.0970707287009202
E -1.78767740226811 -0.00116586762679932 0.0534240015474294 -0.0487784087081083 -0.160593939786033
F -0.690707510759578 -0.000391968130857819 -0.00500421882354419 -0.0404161383723338 0.0120519300497266
G -1.15591100988144 -0.00106491309228951 0.0346586366533815 -0.0557366503022927 -0.0965281518115727
H -2.01205483122658 -0.00114024599976166 0.034538396208954 -0.0653380848457885 -0.0519520340552745
I -0.585498860722729 0.00108572450133824 -0.0057840014007852 0.00984416665022364 -0.00740740100295206
K -2.02826310624535 -0.000761426657801766 0.0558120896380589 -0.0171999796341878 -0.02643042792479
M -1.62568697013768 0.00014020818595521 0.00594628585219393 -0.100477951721273 -0.113525527875332
N -2.00108324803054 -0.000538378042191547 0.0470589646453138 -0.0643090389064159 -0.096730402060006
P -1.81852687527345 -0.00165543529730163 0.0459609585308319 -0.0454031396972993 -0.0918291665902252
Q -1.97256443871801 -0.000862963895599003 0.0465204122808371 -0.00319453138626604 -0.0936714928760271
R -1.71889932381222 -0.000966031389101869 0.044348441248521 0.0495369543347441 0.0114507436206653
S -1.24351672003105 -0.000783551042834547 0.037074146750824 0.0367856809934475 -0.110468728428195
T -1.35945986322646 -0.00104402707594517 0.0346371356664258 -0.0498269555260333 -0.13649943214501
V -0.471740427120656 0.000322753421094401 0.00333036067539717 -0.0526889409884775 -0.00825715332037274
W -1.80459069481692 -0.000783121337681322 0.000435377008887777 -0.0570682220025747 -0.0861713238842922
Y -1.15690858547247 -0.000307687762451454 0.0110991943826045 0.00134317329022785 -0.0204559283485363
