A -0.824226047277424 -0.000353525925102764 0.0212626724297069 -0.206212186610722 0.176825715866245
C -1.4272749401011 0.00130437183709373 -0.00837307996079638 -0.0191679309318317 -0.25925438856414
D -1.93724030521129 -0.000692199078349335 0.0512403233487411 -0.498897804347668 0.898495130586658
E -1.80796798367246 -0.000961143084773606 0.0545414201118037 -0.344517287145952 0.456398869034161
F -0.757148345054263 4.47695447152593e-05 -0.00406496409996509 -0.145937138081493 0.731016909770518
G -1.22141312923654 -0.000581075196477597 0.035865822090248 -0.0728370572712369 -0.508334712758684
H -2.10172819951946 -0.000628109448017992 0.0351639349505387 -0.523883054880783 0.894191101686812
I -0.599205434606949 0.000510341365531547 -0.00527743961448385 0.0924829390700758 0.393542546012183
K -2.04595058470704 -0.000270440445881017 0.0569321292594962 -0.29160292272927 0.183553463451408
M -1.59342252455128 -0.00070537331424575 0.00671010665496275 -0.000549194958518225 -0.537025426590633
N -2.06063204531146 -0.000460965355696676 0.0483098872875494 -0.330261987656961 0.0786038398651251
P -1.85726695323392 -0.000358329198012167 0.0466396792384919 -0.0684709940092685 -1.3416614271689
Q -1.98604967707894 -0.000535639259142891 0.0475449916124438 -0.346691695355793 -0.327850910240243
R -1.73407617494447 -0.000789346620178236 0.0449614633887298 -0.416337010862031 -0.178798318227175
S -1.24350581748547 -0.000522997716333111 0.0373728768616301 -0.291850962577001 -0.464629328093663
T -1.34774017743698 -0.000736919506738219 0.034736536907734 -0.0951085337677171 -0.707492696547821
V -0.492963588082674 0.000189951553011465 0.00326131041839038 -0.121003829868153 0.471177635930502
W -1.8872973659628 -0.000721164764465324 8.53374442867515e-05 -0.0420224445647546 0.210136736631703
Y -1.29477917219323 0.000284430420005505 0.0120044278330438 -0.252550819726181 1.25800721005249
