A -0.843167934326724 -0.000208244479839364 0.0208915624572027 -0.588062226770826 1.22440002041934
C -1.41508555998968 0.000596195912646375 -0.00843749885727333 -0.0143879870390632 0.178332815165443
D -1.86636654049861 -0.00131575120462362 0.0505360825465053 -0.6018394376801 0.418418445519998
E -1.76768279320723 -0.00078072315619267 0.0539153652481813 -0.182641373174236 -1.08409780753504
F -0.750113893507364 -0.000242913649905541 -0.00489416580434409 -0.0727671669950781 0.793808803573233
G -1.20984569094117 -0.00145943219891732 0.0355563092142735 -0.521875071194928 1.23476992384905
H -2.13863961038055 -0.00097941251234815 0.0350284579356146 -1.06764120446785 2.94539026460469
I -0.579114047137099 0.000100116402746723 -0.0060310077574313 0.0981088052238094 0.137008196200613
K -2.13171276033903 -0.000422264605327069 0.0566223476837328 -1.11663036687173 2.61229983972285
M -1.60474039387257 -0.00110676928475784 0.00609363238344598 -0.335911253860889 -0.0435711971135239
N -2.04527979108706 -0.00157888524735017 0.0476708245675825 -0.902659916653971 1.60418657904357
P -1.84523811969061 -0.00149922265959655 0.0463010211664674 -0.35468761354152 0.300555467456879
Q -2.01183673793784 -0.000742513659541712 0.0472713404813562 -0.783490781080708 0.918986389073408
R -1.81913264569708 -0.000824553186444295 0.0449366760498942 -1.22374139773761 3.26699081738637
S -1.26875772927354 -0.000832091552665269 0.0369995686163241 -0.592740846110926 1.115180555332
T -1.37077266269582 -0.000805266509184517 0.0345599187580424 -0.431497531185971 0.422256101824025
V -0.479607712342887 9.76825758452147e-05 0.00269987871086843 -0.108664343503044 0.526508456070605
W -1.83834985460361 -0.00145727199719637 0.00033338579981239 -0.0968110632960994 0.581498562782033
Y -1.24250818634453 -0.000617339757389648 0.0113862806813339 -0.386817159039746 1.61164418564624
