A -0.800312384784711 -5.55520710265622e-05 0.0211799846789804 -0.180300741810517 0.887581409025617
C -1.42948481710104 0.00132638363448491 -0.00926434506441126 0.111847104078423 -0.465534212626487
D -1.88722443463923 -0.000947413868433348 0.0505275996417502 -0.143045281437597 -0.404310053600885
E -1.78519075101949 -0.000677419681665445 0.0538803628579992 0.0162872967547307 -1.09190762202835
F -0.798806901227854 7.8982190296906e-05 -0.00400602701627736 -0.152009776402618 0.379898880087273
G -1.25088164644341 -0.000761001429530408 0.0360704654983466 -0.255569211804282 0.550500592320911
H -2.18757385402532 -0.000338376889467069 0.0351902979218288 -0.540453931977269 1.9367229388588
I -0.613693807984625 1.88766215706815e-05 -0.00627677554471634 -0.14885089610155 0.308290477035179
K -2.08078468111996 -0.000878963836777569 0.0565018742288384 -0.269928566849591 0.143499834748976
M -1.69956302396376 -0.00116382635197914 0.0070336233223985 -0.233618650460457 0.325552775931364
N -2.06910465887424 -0.00105826990558127 0.0474953774501632 -0.320519645354167 0.17327907024102
P -1.91602334854366 -0.000324761731099985 0.0471681688073242 -0.353315231174561 -0.214713163847281
Q -2.03470486478339 -0.000332907820464426 0.0479568619583604 -0.159342654690792 0.154979307217142
R -1.79416550167474 -0.000256656861179714 0.0452447165304653 -0.396479038103579 1.0818175716338
S -1.26554140204932 -0.000657597110004937 0.037203816848351 -0.112405735114363 -0.180385621805806
T -1.35860781956449 -0.000730307946977146 0.034306166324637 0.0404179130886976 -0.823546227741579
V -0.510184348688812 0.000141471116532417 0.00279728901680778 -0.132268081867885 0.883904002733584
W -1.8922018444883 0.000234127677947398 0.000110760463949174 -0.171557935983078 -0.129609500314317
Y -1.29927004310503 -5.70231656081605e-05 0.0114166654378004 -0.357757328891969 1.01867154201616
