A -0.912348518691204 -0.000211783591358448 0.0218910604848643 -0.436365102657961 0.965476453572428
C -1.44238213599122 0.0036273696728809 -0.00680244229868123 0.352836602194501 -1.14144068505186
D -1.88029617294 -0.00136041800591727 0.0505752244690246 0.357253296955738 -0.772108786301027
E -1.79975634198526 -0.00129251189176035 0.0541573296230216 0.199778309286967 -0.921491193384891
F -0.746679778920941 0.000209726711666741 -0.00455975625103264 -0.481070852634339 1.05330283938405
G -1.22607471065955 -0.000391827306540667 0.0354648780556556 0.106986177307594 -0.374399242186282
H -2.13762912899589 -0.00126032609372049 0.0355090190967877 -0.200980794830077 1.36132483014451
I -0.643627445649992 0.00120747119679313 -0.00572336156806349 -0.332803848456779 0.965137597853129
K -2.12230042293597 -0.000781173842953805 0.0569305697765632 -0.205000370123114 0.964605474512479
M -1.60734222494467 -0.00134280587749964 0.00541102582334128 -0.361857386582604 -0.261677297207416
N -2.04325778567941 -0.000606056552598342 0.0476176126001762 0.0292808878422633 -0.0715922324404987
P -1.84207321715268 -0.00107876996476591 0.0463810492397713 0.282060139131073 -0.914472982476559
Q -2.01574861240794 -0.00103644712067757 0.0474516806352219 0.123556972931738 -0.0930524124168221
R -1.80475432535649 -0.000907004652584461 0.0452069933671392 -0.121840955768431 0.736086666536317
S -1.2662631064646 -2.57659196340108e-05 0.0373676382381566 0.269252875851734 -0.516270996122596
T -1.38530071036996 -0.00035949060030858 0.0350395263360639 0.229829461252588 -0.849828069069479
V -0.500147408942531 0.000813486548056695 0.00283897435816833 -0.0515273500472745 0.357831753224837
W -1.89629185021615 0.00086597074679671 0.000558071109222177 -0.00429991358006267 -0.12495679836802
Y -1.28375327650379 2.08075102989303e-05 0.0117482003649325 -0.321284462609147 1.18690107448509
