A -0.882233466229892 -0.000206834037165531 0.0216161642873336 -0.459002582363453 1.1111799518015
C -1.45682458927979 0.00117771978019467 -0.00745997609401862 0.000400620528899348 0.495251308255562
D -1.95306085583868 -0.000674981847458876 0.0506665021998497 -0.570171524836301 1.16179348713262
E -1.84958073138828 -0.000836450300476782 0.0542803826794397 -0.423586734716997 0.217837114845526
F -0.775792808403093 -0.000149248425689243 -0.00374321692481802 -0.149984236059168 0.577557285559919
G -1.25511821115521 -0.000674941663653319 0.0358015973182475 -0.372434337309141 1.04436400453078
H -2.21287430929255 -0.000571942110186169 0.0359552425486341 -0.912893001738384 2.74920848477434
I -0.60860169805307 0.000169902263879648 -0.00535324180314795 -0.0786427779429497 0.223923538845252
K -2.14104248816693 -0.000461182256046299 0.0569876310790327 -0.744394660470509 1.31351878838711
M -1.66637403496927 -0.00105593188462401 0.00670781833494919 -0.41700893846158 0.251247886049694
N -2.07191555792891 -0.000866303989293606 0.0482534785026392 -0.755752723778307 1.26388826040864
P -1.89277898603252 -0.000646443978268522 0.0468514403191783 -0.249444381800841 0.286019326425348
Q -2.06290928242791 -0.000423249409908728 0.0479940728561286 -0.604819183362241 1.19342408338841
R -1.84735199086232 -0.000353374582100101 0.045584894938064 -0.648664288989597 1.84637675780074
S -1.28198477769194 -0.000433886887815709 0.0378843065265734 -0.295368304503479 0.719697872397222
T -1.40248427815335 -0.00055714559366229 0.0354174702751194 -0.303486372036953 0.29160547197097
V -0.508062787141946 0.000113359907064774 0.00378830163829561 -0.162523774158542 0.665848189778712
W -1.84499694730419 -0.000415260586114577 0.000330524768362923 0.253163299706205 -0.372288995719054
Y -1.30637254691673 0.000221365885154695 0.0120933824012979 -0.354158051013445 1.28478490160015
