A -0.841495368537494 -0.000271513717424702 0.0210777414926836 -0.374584413261125 0.957530945770191
C -1.45870563169487 0.0013000178581298 -0.00860044723967517 0.0301740634057443 0.887706329983941
D -1.87579877144349 -0.0012749543243473 0.0496170302654459 -0.484559847437729 0.679887049449676
E -1.80589575692164 -0.000782708934129803 0.0532039634624425 -0.309377464488031 -0.0282790891411025
F -0.751341891186927 3.85567653096549e-05 -0.00486107355925637 -0.205520083081548 0.962827761628494
G -1.18641360853783 -0.00104273044188879 0.0349625146159882 -0.449836662656647 0.95834901408995
H -2.12191698184804 -0.000693282101673816 0.0348132982164236 -0.888783374922201 2.3413774887787
I -0.574825933765327 -0.000456980055966568 -0.00544100821065296 0.161514109949055 -0.0555978398044699
K -2.08513446595181 -0.000974689838025404 0.0562024538638944 -0.823814107312144 0.949970030691353
M -1.62876694731231 -0.00115453225821723 0.00603948693826158 -0.365282259169061 0.184880302070056
N -2.03190963057681 -0.00133037004145201 0.0473420459736565 -0.7509636963069 1.08826473665162
P -1.82790126828509 -0.00109526823301204 0.0459624390107078 -0.39278424700184 1.08529090240661
Q -2.03089365123075 -0.000489648197023844 0.0467309312211814 -0.758505207633966 1.38506266076425
R -1.79432940206309 -0.000364014708613612 0.0443709327565988 -1.05494646620321 2.23012310684905
S -1.23766744269348 -0.00080237670401957 0.0368537567698904 -0.3852948287386 0.533477873803663
T -1.32395944344236 -0.00109857695531288 0.0344946727065209 -0.21060040527025 -0.216454061898153
V -0.447023871162429 -0.000480896305254243 0.00283363548080021 0.0233843468858175 0.465944481978599
W -1.88149075038702 -0.000623498337545003 0.000392409676021081 -0.34880649503656 2.00960930064712
Y -1.24573525924819 -0.000682518839545236 0.0110917019753085 -0.615314888531315 2.19187917691682
