A -0.802362780931463 -0.000966832023291765 0.0215855530431325 -0.284070656166655 0.424492096331846
C -1.39233728164787 0.00142051467942711 -0.00878566382446983 0.0252188373791264 -0.623730646352491
D -1.84985029063879 -0.00220509978498623 0.0494885114688763 -0.646110477029542 1.19470464613145
E -1.78614199673283 -0.00170232876468708 0.0533325123552654 -0.462879718028149 0.673166151407449
F -0.74612718392408 -0.000516522990616859 -0.00475210140646471 -0.258977541330143 0.49297457399209
G -1.18344781535847 -0.00167577716546316 0.0356086283915416 -0.415448743116904 0.349359627115803
H -2.09992370785454 -0.00121294777975692 0.0350109591135069 -0.624613968393474 1.35611994260617
I -0.550650016795268 -0.000868912901525665 -0.00672208676841804 0.00516391212415537 -0.158747162175289
K -1.99620108669795 -0.00206065565728836 0.0556223633565501 -0.315345219364025 -0.358040680501474
M -1.59596783834383 -0.00141636847070132 0.00653635743901192 -0.0574627387143774 -0.726386668424541
N -2.02935472462249 -0.00174173710448808 0.0473570685854338 -0.449431317019395 0.240475807403206
P -1.82605295778975 -0.00161203168258489 0.0463910231336306 -0.264891765278181 -0.332996693343481
Q -1.96923492839641 -0.00103304048889035 0.0470665573763623 -0.330983813868268 0.0835804011845097
R -1.73205314205111 -0.000865471844561068 0.0448704724019657 -0.499483429823572 0.859628606258305
S -1.23948614384245 -0.00110121597989069 0.0369606359906947 -0.351849964426962 -0.219451553620951
T -1.32364153302828 -0.00128413371694414 0.0341097082530574 -0.0868147025396909 -0.941415278337089
V -0.469380492342096 -0.000259533297631053 0.00244900637639003 -0.15868155937037 0.46359699851304
W -1.87948208786232 -0.00120565826229821 0.000646319435318509 -0.192914483421199 0.6665135252643
Y -1.24010832469788 -0.000745539406763508 0.0116543745326479 -0.258065535917887 0.826714959214558
