A -0.782691016507335 -0.00254956825804695 0.0200125678502404 -0.198925864180054 0.767240856624502
C -1.40343733672562 0.00170214742751057 -0.00795367570676661 -0.111962216726448 1.12571229161914
D -1.76958836106104 -0.0024488570477655 0.0475317267058684 0.276911864460326 0.0504516266946786
E -1.74578265755824 -0.0019285287248838 0.0518094109724061 0.284357732791192 -0.364422517885879
F -0.7181402444658 -8.13284958571011e-05 -0.00627113535204266 -0.264927272633341 0.82615658070489
G -1.09980469071171 -0.0031252931410505 0.0337232376736296 0.0245708269690204 0.451984692315005
H -2.06139904777119 -0.000763949793281612 0.0331982485738949 -0.423950914937726 2.06014823549792
I -0.571011045909162 0.000145977285389641 -0.00706306139554197 -0.18505769327632 0.580820835763902
K -2.07216839711405 -0.00167014214947819 0.0542569556976522 -0.0974780740408009 1.85496584612543
M -1.59784445148317 -0.00257835530568912 0.00478347499950948 -0.0879614272588838 0.295422248342071
N -1.99029320192803 -0.0017332752972314 0.0459558849490311 0.0274187607362909 0.419576979376817
P -1.78477776508028 -0.0030563122548901 0.045075897202075 -0.173324754128515 0.820530537409298
Q -1.93962600002179 -0.00231223112717598 0.0456609163363356 0.026050285060878 0.482760420519837
R -1.72514362058866 -0.00208501861153851 0.0428856714591182 -0.531169408384839 2.18603592218418
S -1.19626299643333 -0.00222574494007997 0.0360654902296351 0.0340230073066669 0.404612819229702
T -1.29136331423507 -0.00262719079540296 0.0334934921377504 0.318790673661682 -0.494972471550608
V -0.441022762431431 -0.000966072460646611 0.00246287134877609 -0.206100918970364 0.739330174371592
W -1.67236314321023 -0.00331159135423182 -0.00121803486009676 -0.356479545582265 1.27396556873644
Y -1.16750288021212 -0.00129254226737514 0.0092336789123941 -0.483356937292258 1.94903908165618
