A -0.851881237683233 -0.000103726186466391 0.021896374722068 -0.329356917164874 0.472526882025308
C -1.46697539767898 0.00130297274948089 -0.00809569141769125 0.125908298956625 -0.483475779938043
D -1.90971998768073 -0.00104185358737973 0.0505534586866642 -0.388536509342345 0.0269390734489445
E -1.81538026275823 -0.000712065186621337 0.0539579787786679 -0.0154161754755234 -0.800800485195155
F -0.760910997568763 -0.000680292657882715 -0.00398288049845708 -0.244729466248053 0.343699750924414
G -1.25535301406119 -0.00119341471123272 0.0363065243002289 -0.372565336854972 0.253829277797585
H -2.15710344407086 -0.00127351223390798 0.0355089668743441 -0.834742393820212 2.14488816997639
I -0.618917261716566 -6.47495151907985e-06 -0.00568203447464277 -0.0969536484278336 0.0764175774566778
K -2.10969933693518 -0.000880814985667887 0.0566824382496805 -0.521811373505966 0.716669972404507
M -1.6497260439833 -0.00117175796392665 0.00632310366293043 -0.250413512742393 0.0310893492344803
N -2.08744035487402 -0.000965268810771996 0.0479662632577352 -0.659271867182714 0.555634015250659
P -1.90045299811732 -0.00104123296619884 0.0471413158226297 -0.371065094219919 -0.236459883561499
Q -2.03460965569247 -0.000456418126733759 0.0480951870943405 -0.464970538476439 0.517557774199509
R -1.82739399372336 -0.00041475564468727 0.0453878463940001 -0.693457102524524 1.63482096595182
S -1.2807798162899 -0.00073050004490013 0.0377698934241816 -0.551667708921604 0.0637741824934917
T -1.3797923743826 -0.000978387673094442 0.0349559530906845 -0.213569686765842 -0.627742703927443
V -0.511169719235083 3.47300037501087e-05 0.0031508744498376 -0.154136245430734 0.454553076510913
W -1.89615327907889 -0.0011674746199549 0.000725182094209438 0.0545956795767509 -0.072143104457227
Y -1.30041436491334 -0.00050284806094117 0.011989011520119 -0.478469192301752 1.21826552068736
