A -0.846535538814924 -0.000733827107037345 0.0211249707362175 -0.00218028084127614 0.348276466028086
C -1.44957623026431 0.00397273560484084 -0.00876337789255283 0.459134498341264 -0.655334644043465
D -1.87506308615954 -0.00123273382072494 0.0508225123864802 0.542052973062369 -1.01058370021561
E -1.78986247397221 -0.000777712356036458 0.0541100456703435 0.426960882056026 -1.14451782337249
F -0.75309805237796 0.000253562518903013 -0.00380022959498683 -0.110390610085765 0.369115959830045
G -1.20777071427774 -0.000907422206670269 0.0356705370040472 0.388985711820278 -0.912086524198983
H -2.15445561026403 -0.000718260965330568 0.0357276122819823 0.00468671782788132 1.13256257488815
I -0.603130424551795 0.000926339714872848 -0.0049166360272265 -0.218248346955383 1.10969556390679
K -2.09202902365482 -0.000343073192212906 0.0570428853896418 0.136676396991869 0.520917779151396
M -1.60666690228508 -0.000423184181457227 0.00615829721244636 -0.110892271719144 -0.306104105885708
N -2.04134118155688 -0.000961576928897297 0.0485855698478628 0.349871966000594 -0.499296564405727
P -1.85763825760125 -9.6633576728512e-05 0.0465708042503109 0.663362995707103 -1.5567564580388
Q -1.99178022067855 -0.000707395325615411 0.0475793503268493 0.372776006397229 -0.70471645568261
R -1.80351216295299 -0.000370197115027811 0.0451018161831893 0.0853935136607648 0.649224162123857
S -1.22363069750934 -0.000245253733778767 0.0371025811652361 0.566468133590845 -1.2894803793934
T -1.36154121878928 -3.04608331201655e-05 0.0348716447503417 0.511282540928096 -0.961170858568087
V -0.538019884174813 0.00101878821141359 0.00397039969147903 -0.328958084139776 1.32212526278408
W -1.87063281332222 0.00027999878605942 0.000646849308976742 0.153848133517948 -0.969266900985472
Y -1.29783162999405 0.00096336364830251 0.0126657679503479 -0.125406155494665 1.04644697242629
