A -0.815400220168972 -0.000320619204014882 0.0207013154708486 0.0888675381398264 0.213722712898619
C -1.43197342577839 0.0018042257836292 -0.00923375860577066 0.279983304658088 -0.0140708841704957
D -1.87464902616836 -0.000869362298434568 0.0501870427742133 0.466225239863833 -0.963915234330129
E -1.78009044048935 -0.000836240234790136 0.0535268445336901 0.443157295743197 -1.35302771473776
F -0.764013949938563 -6.75456997143263e-06 -0.00462692459384166 -0.0965514918952301 0.452343340283771
G -1.15638127504106 -0.00145948874894461 0.0349906423163489 0.338393977833099 -0.888868734062751
H -2.12933511246353 -0.000342069922882154 0.0344211257156825 -0.102604274413913 1.13587263819919
I -0.603337271763265 0.000611175991398237 -0.00589300032345757 -0.158969526601552 0.576289078990522
K -2.09626401129995 -0.000534289286634702 0.0562510128675681 0.0103956740582323 0.367371681632266
M -1.61745406966291 -0.00128576959606899 0.00608328637900535 0.173559470602703 -0.727090264828211
N -2.04935471514988 -0.000416170102583238 0.0476986611557819 0.288474479122892 -0.72850394939105
P -1.83533535548597 -0.00081751682850026 0.0461696905386198 0.297988676041192 -1.04864887713276
Q -1.98571668786501 -0.000579030803063593 0.0471717736871806 0.323262573412283 -0.776552519479929
R -1.77327415335874 -0.000563764122836146 0.0447587925094217 -0.0493681324855967 0.568321117921377
S -1.22359071207354 -0.00033472990007563 0.0368748088402848 0.308334258681646 -0.980308946769256
T -1.35586971696035 -0.000158393438685703 0.0342823069479977 0.394232253143795 -0.848053111259628
V -0.501494592087722 0.000173582673980048 0.00305758466699514 -0.0971187542256642 1.08879220251517
W -1.87235553407052 0.000246160582440328 0.000731744006234224 0.209227451868578 -0.771275723160589
Y -1.27688285147126 0.000331737980492473 0.0115707808545439 -0.12241036313635 0.831961099402406
