A -0.840849152358425 -0.000145635369668547 0.0215860077092563 -0.19080416383153 0.325078215383174
C -1.41953322692601 0.0010788319170618 -0.00875568085981586 0.152126730174228 -0.816428694714309
D -1.86904099242763 -0.000910397652971825 0.0507321272404854 0.0461386394701035 -1.06640085516283
E -1.78102372682711 -0.000423363875018002 0.0542207670452194 0.243297729183527 -1.49962842113977
F -0.757515231720741 4.26753129930792e-05 -0.00469987454704961 -0.163213467735265 0.448573980826295
G -1.22976450832966 -0.000696294113782969 0.0359960184425591 -0.232008544149561 -0.37383461338162
H -2.15000807787371 -0.000344402664957021 0.034963573887118 -0.85836608132839 1.85387541562292
I -0.5950925979023 0.000189914105436749 -0.0057690765279877 0.110233111425295 0.0663981220541011
K -2.14783834812575 -0.000222715534648928 0.0566425026350474 -0.779518582626927 2.36683752786927
M -1.61711635723707 -0.000803738805238874 0.00646914433872627 -0.129464802429498 -0.325127385326653
N -2.05097808299803 -0.00116111914730993 0.0478870571333915 -0.404405657642013 0.468738062594468
P -1.88350677215906 -0.000716898342180446 0.0467458083604304 -0.455744033076714 -0.510694505153097
Q -2.01579521541989 -0.000600814105464609 0.0476516760410947 -0.500016326307545 0.395410928215587
R -1.83515857523075 -0.000699189983389482 0.0451965030118176 -1.04339818125999 3.02105971982434
S -1.25387954318046 -0.000702193630638163 0.0374360891169345 -0.320450905657289 -0.514181925885722
T -1.3761920874005 -0.000563637190882911 0.0348641249487058 -0.140832395751068 -0.799180809416066
V -0.495280886842199 0.000218340788425993 0.0029953285647952 0.0296340783156178 0.223218503342342
W -1.86637551269582 -0.000820427903805504 -0.00025035210087569 -0.0322901080986682 0.00623405856799628
Y -1.26974955894415 -0.00028487056586147 0.0118060648125195 -0.416612060229576 1.21019622138081
