A -0.873519013443801 -0.000549373403913577 0.0204886138238627 -0.170107742154099 1.23731812927614
C -1.26951347981668 0.00263506932156544 -0.00930366100811274 -1.32971898909073 5.90573477936067
D -1.89913247897599 -0.000808873925742224 0.048506827844652 -0.0105117201079624 0.334879745369538
E -1.78708591169008 -0.000967073115269773 0.0514698525709465 0.0566740474737343 -0.221107637621306
F -0.779521964372501 0.000389095890453063 -0.00371950293827764 -0.287822314167221 1.07823840948583
G -1.1372583315941 -0.000693686284748848 0.0329142822834518 0.195855823488438 0.459984483436268
H -2.15245057648362 0.000478477358743266 0.0338153605883765 -0.265438274091235 1.97053140239398
I -0.577224742994744 -0.000234442427455504 -0.00455456003522694 -0.068311826997418 0.235943639899054
K -2.04758767836697 -0.000978452730206346 0.0542374742209213 -0.171357373558287 0.714348475325479
M -1.69873107728579 -0.00157212475936714 0.00801706670631781 -0.180559330140408 0.344080391963371
N -1.99517621221203 -0.00179865263222105 0.0458785233672614 0.000511537538464043 0.47798438178359
P -1.88594653700808 0.000388426935260436 0.0444599333129515 0.0413628285585559 0.926976766904541
Q -1.99991362121859 -0.000599459693513006 0.0451336241624874 0.0381701090448262 0.514546666264525
R -1.76527072678692 -0.00108348154575328 0.0425358267334535 -0.20912259844702 1.8788133901028
S -1.19082455506019 -0.00105920720453811 0.0355874464479705 0.283528703206102 -0.369893162237839
T -1.35070550040035 -0.000558461548195735 0.0335670307747876 0.218981353802008 -0.315954662630862
V -0.457887072602409 -0.000505351752016931 0.00261411604937053 -0.0629120902701196 0.777885852237408
W -1.90438199298375 0.00120428927758933 -0.00111336334466279 -0.412497748065438 2.01448118804849
Y -1.22311432928985 0.000358675249212076 0.0112450146832281 -0.232175035182498 1.07622570395183
