A -0.918731024448472 -8.5702911153412e-05 0.0218837322751629 -0.66692243475378 1.74208969412471
C -1.4403058171828 0.00105208979242905 -0.0065516051094519 -0.14363115380957 0.612848270780165
D -1.95320937066863 -0.000413143916561486 0.0511504298155325 -0.790300249226534 1.62047520507186
E -1.85323386285172 -0.000394328025959058 0.0548812886195887 -0.479006324772602 0.181726129524449
F -0.771437462125469 0.000199531224200824 -0.00307065875667719 -0.0569414799457927 0.462144394644125
G -1.26069673374196 -0.000532817478211214 0.0359332258347889 -0.496471382083099 1.39138672283411
H -2.20317249050514 -0.000368155057276188 0.0364356102100631 -1.14237226413283 2.79926261615907
I -0.630649465543309 0.000898812648195059 -0.00398616245145939 0.149343116043291 0.276577738812093
K -2.16417030948283 -2.36829257206524e-05 0.0578225166878235 -0.702167186151137 1.82289012448665
M -1.68562577208295 -0.00014039892115602 0.00738827242242526 -0.26161017843843 0.452960271839101
N -2.06168623518403 -0.000232961640115622 0.0485969712721559 -0.877266254403675 2.18458384301028
P -1.89858195262427 -0.000402412056136818 0.0470118147119284 -0.190242511462157 0.448534963169258
Q -2.06296832496754 -0.000377620671473895 0.0484487111236523 -0.695082411017188 1.1927724127989
R -1.87026395248651 -0.00027783391452124 0.0461088543707815 -0.841167049343344 2.43155939895904
S -1.3071490445762 -0.000128254812489812 0.0384999041681503 -0.489269611353487 0.919400586253157
T -1.43175378138738 -4.32344444771928e-05 0.036262225034082 -0.314088271623027 0.610882906748458
V -0.545559701726782 0.00067319343486332 0.00469363551354455 -0.188641688144254 0.731432096732587
W -1.93182903246533 0.000414588754185136 0.00146598475829636 -0.119220434828819 1.06590481002088
Y -1.32709731800583 0.000361171329914799 0.013310495211751 -0.361087733738487 1.77274981584083
