A -0.897363245176935 0.000351125391516957 0.0230824585481387 0.038701272552013 0.00431120290746999
C -1.50346453027544 0.00334381274683405 -0.00668488140261758 0.344604076165992 -1.01376637599459
D -1.91470107471853 -0.000899837071568631 0.0515864221014625 0.517075323641133 -1.66592976452229
E -1.82609762926677 -0.000674005770723809 0.0552745397992232 0.597644308320492 -2.03628240021568
F -0.782219219753382 0.000389961592210336 -0.00316500070492845 -0.137077204796517 -0.287349051924875
G -1.27958447872979 0.000284668442619902 0.0370639883805993 0.400653581109168 -1.60117909521212
H -2.18346000771002 -0.000100811768157875 0.0367050933418481 -0.10122699351713 0.738385685846208
I -0.654518859086587 0.000822885850481308 -0.00504955859288986 -0.15619578653496 0.115072144113635
K -2.13791369628893 -0.000595258823062419 0.0578685613973883 0.258527363183676 -0.391721483933511
M -1.6481449614589 -0.000318561648083932 0.00686753149236588 -0.00504102922473191 -1.1947100428606
N -2.05238488970045 -0.0013119046800891 0.0488606319403114 0.348583419251018 -1.54862724188086
P -1.93429171528901 -4.14221488316637e-05 0.0481421867424102 0.404503778978989 -1.46469108085271
Q -2.01670821919033 -0.000486868524512153 0.04883312152964 0.41872661808204 -1.10891826298418
R -1.84291780736863 0.000283568738817002 0.046515069899482 0.0758990813615829 0.0889117499729216
S -1.24701683377055 -0.000389824969261886 0.0382461617904804 0.524824805791671 -1.85454981536647
T -1.40923139398777 -4.1475631090536e-05 0.0358573378952954 0.419441693557632 -1.78350091901621
V -0.559820975231784 0.00134465305642934 0.00423309509315455 -0.0527869596657895 0.109532751558994
W -1.93668345467066 0.0011595888722611 0.00119615316538319 0.0891145165324023 -1.0185933126558
Y -1.35698888105788 0.00101450955194751 0.0133807565261392 -0.140988637859361 0.415490295296393
