A -0.932803926145413 0.0233236463962446 -0.000343046409394007 0.0228276407635237 0.898969998182101
C -1.48059140233528 -0.00663910043168127 0.00320951911909743 0.343007051235143 -0.618364176987414
D -1.91392517434034 0.0518529803781825 -0.00217550045270945 0.481239982287122 0.0265411326878037
E -1.8741847655137 0.0555931226664533 -0.00174727579759762 0.278565994049212 0.088336116838357
F -0.816051552332951 -0.00285476264224831 -0.000357211862873122 -0.209071480459975 1.27219548230648
G -1.30455905403731 0.0375688861756451 -0.00145646819890202 0.12916871638293 0.881106393064878
H -2.25533781008856 0.0376152144001377 -0.00141031555310594 -0.246314484824566 2.69192217146496
I -0.608313743823511 -0.00582236437631665 0.000475819797092406 -0.0021102019805408 0.546166946688749
K -2.12981894656928 0.0580114968733781 -0.00138190441691221 0.178016971784181 0.817773191695707
M -1.80397412507575 0.00933383264831329 -0.00158770657925998 -0.208369480445118 1.20684146141043
N -2.06962972916886 0.049043060772471 -0.00159009413369294 0.421654852684196 -0.251853161731851
P -1.91259528088707 0.0483754334173999 -0.00183404873166263 0.0498141587976694 0.48190264253066
Q -2.10733272480242 0.0497615185418235 -0.00119001466161137 0.122547607297765 0.488315272129467
R -1.83635390810468 0.0462534143095956 -0.00132894136837179 -0.13592502369768 1.65635774531629
S -1.346372540466 0.0401663446582146 -0.000986235073312842 0.237781999831571 0.110671645823767
T -1.42569506218548 0.0360501788898302 -0.000853998036090106 0.237033707169721 0.240639059644633
V -0.568981791477103 0.00629176716743696 -1.4163917853167e-05 -0.155514650481214 1.37591674314762
W -2.03603941382402 0.00519746267695868 -0.000778911494112541 -0.130861996968656 1.22259840067529
Y -1.27399831443839 0.0134133247957802 -0.000863283753145247 -0.0306067370625593 0.972646718156238
