A -0.880251686908178 0.0226733442934292 -4.71824944162003e-05 -0.721064725416824 1.1523865319012
C -1.42931406933397 -0.00661318976855492 0.000656543974315965 0.199646908705266 0.1739151245037
D -1.87306591253715 0.0503184934047414 -0.00119305281922856 -0.49044264933483 0.812180080408191
E -1.84546165182337 0.0542161281785366 -0.000709954304432156 -0.76587182564738 0.503826517634052
F -0.765120952150239 -0.00359513785274855 -0.000603106449866045 -0.039138831640588 0.48432222861229
G -1.23897716215197 0.0362880073815948 -0.000854207877161165 -0.704772635019043 1.78680409155815
H -2.16642278448324 0.0355946638236381 -0.000905182544444987 -0.686285853993542 2.86358938916038
I -0.559297247300037 -0.00543676503941477 -0.000416677314107109 0.155714629716553 -0.302388929278885
K -2.07443863625216 0.0568269854071751 -0.000961958075073 -0.480823853644784 0.214020235281
M -1.7683867574427 0.0101186905431702 -0.0012268403112793 -0.376675631413749 0.531835553811657
N -2.05114619516693 0.0479958920280954 -0.00152707696302751 -0.375782758943906 0.844651825393185
P -1.84834958309912 0.0466745128812433 -0.000956453125664211 -0.475203706375196 1.65296930653177
Q -2.08700717925189 0.0488842375040861 -0.000420936532592046 -0.658172464728655 0.990565500850754
R -1.78036568384276 0.0450405376991932 -0.000411105796684069 -0.834920148582779 2.03993915214038
S -1.30272916946367 0.0392282040931176 -0.000824091498766723 -0.369955601727952 0.727577501359443
T -1.36831260354271 0.0352148818625887 -0.00106158801895708 -0.413006577334672 0.703822482164074
V -0.480713953019027 0.00532010086997698 -0.000242207173317474 -0.352375314153631 0.942807161225719
W -1.97760547709293 0.00302494261670401 4.05099854017524e-05 -0.632508849509586 2.41268069376273
Y -1.22885309077125 0.0121219998168491 -0.000677580309327662 -0.443267738814079 1.36288116592299
