A -0.862575599258035 0.0222742481179726 -0.000617496433824103 -0.217778615784665 1.07066746996104
C -1.4672628327442 -0.00655834965354803 0.00223308591380175 -0.0343866910063866 1.18610621102393
D -1.82382884817038 0.0490041145385459 -0.00149339825009293 0.242864397181503 0.4756440358671
E -1.80646160810135 0.0530984739239019 -0.00177011537050296 0.195203333292934 0.313457619556347
F -0.808943839339902 -0.00301040822024417 0.000259929356195148 0.0435910455627163 0.832553384305929
G -1.16965805437226 0.0349304639140699 -0.00112952243273215 0.109164318473206 0.976840786072403
H -2.09729001449527 0.0343794061148378 -0.00161365498501338 -0.385097334780363 2.28277555140868
I -0.569403297120423 -0.00662716453246153 0.000630890222206528 0.0497934586110692 -0.110609729552427
K -2.08447623702029 0.0556426446597157 -0.00166733163196539 0.076497125555904 0.936108130647218
M -1.81095878984089 0.00840560667674574 -0.00114927206382066 -0.352253366645531 1.51045683547466
N -2.05035112430275 0.0475593255632188 -0.00148104528681607 0.148242813373821 1.00805071376808
P -1.8626043396458 0.0459870864790812 -0.00106332546254061 -0.295019423130362 2.21113175381144
Q -2.06755804083585 0.0476501575823674 -0.000807710849972982 0.20813690772751 0.734895653039162
R -1.80036408052166 0.0441528099913449 -0.00031231690126628 -0.274713271669415 2.45861081799301
S -1.24121224355298 0.0383190972155129 -0.00125035520032179 0.433171216619576 -0.193892498598332
T -1.34033258131883 0.0345148887475694 -0.00179982769088298 0.229779710120625 0.194339885981422
V -0.517423255975511 0.00557326841912174 0.00101761509730193 -0.0503579351155184 0.798875039284013
W -1.83307538607202 0.00134371316745962 -0.00033596395799949 -0.422509345306414 2.35366929406704
Y -1.17918445950963 0.0114589440983996 -0.000403289059026128 -0.10963632656277 0.999699655674491
