A -0.821811454400226 0.0230552659575849 -0.000812642498220007 -0.148729446217841 0.968493729048589
C -1.44769095846376 -0.00792566774282549 0.00116768595095599 0.293603067291984 -0.780229156356866
D -1.91510617226315 0.0520200517539414 -0.00158663066939154 -0.143283519423113 0.054067544120866
E -1.85869781782726 0.0554510333316387 -0.000962863076779467 0.120503452221757 -0.329151058497547
F -0.867987974421475 -0.00317146618263643 -0.00012250052451031 -0.370465269006375 0.892878006042732
G -1.28010139472205 0.0373490365109748 -0.00144183459791705 -0.359484045405398 1.18357413883484
H -2.23576564626879 0.0366409419185313 -0.000938254944166164 -0.665321733548777 2.46407718409337
I -0.586429246335648 -0.00698825610643958 -0.000590440042776865 -0.110815126948263 0.192081188421989
K -2.10527783759854 0.0577234635737915 -0.0013253210946476 0.00709865021382027 -0.0508024147846933
M -1.88412919791688 0.0104948369510511 -0.00153623698616239 -0.143540079956245 1.18592129924317
N -2.12392374759349 0.0488075852287931 -0.00164677420809003 -0.306745696970301 0.610562021082396
P -1.90668116135219 0.0480889133329412 -0.00115013617819467 -0.106895643765493 0.0429501680723051
Q -2.08784886685377 0.0502359971035369 -0.000782417499703465 -0.0635366812423042 0.172382894125054
R -1.79450195359874 0.045974362804771 -0.000513797013067461 -0.30688647650756 1.22805217446803
S -1.34810413305866 0.0400901767695648 -0.00105980757783143 -0.151152534988947 0.19150609921482
T -1.40925838295522 0.0357955479796571 -0.00126699717837302 -0.162149100773429 0.224385235095733
V -0.507213892392596 0.00579963479335573 -0.000568527196209541 -0.171463163688385 0.806330139594161
W -1.9986938677169 0.00306226950900642 -0.000319549395373819 -0.274194989200146 0.884086382582718
Y -1.27470806783264 0.0131806998714279 -0.000918311143741116 -0.286418847910127 0.199055764253108
