A -0.848174403973201 0.0225237608004727 -0.000517032888167884 -0.370239615212392 0.918290614600868
C -1.41157607109809 -0.00871784181846637 0.000594455155905249 0.207273212105724 -0.238315861898164
D -1.92425083952727 0.0510808583575103 -0.00156442264572131 -0.763884334927648 2.01569625494571
E -1.895101127076 0.054495399982202 -0.0010465181689065 -0.743402376181757 2.36843899246429
F -0.809144722236825 -0.00378188754695773 -0.000395688583594701 -0.14128089051694 0.599925264796894
G -1.26267089370616 0.0371878855114403 -0.00118749389844068 -0.39029507786378 1.11857094929988
H -2.24627530814048 0.0366148528209785 -0.000408046831755603 -0.749829878634058 2.69804836172015
I -0.586339336578195 -0.00628015407844522 -0.000494218424254219 -0.12539166164117 0.418742340927719
K -2.04967420391834 0.0568168587229202 -0.00151919716558346 -0.194735177794484 -0.399239125303801
M -1.80531938678669 0.00984196461351616 -0.00105211741293667 -0.422522246053293 1.27954098842269
N -2.10234463021588 0.0482237198003734 -0.00138697849880033 -0.464089102654651 1.07891132000032
P -1.89661147812236 0.0475348879029605 -0.00153714936936573 -0.63797760431727 1.15363567274245
Q -2.10248423724633 0.0495138274124452 -0.000843290596406529 -0.410013076739988 1.15483337473963
R -1.77278860344851 0.0456457998810526 -0.000517264557443101 -0.544443005144899 1.55664770016186
S -1.34566670101098 0.0395244409956687 -0.00076800588989536 -0.264028632256445 0.62441978586854
T -1.4191839218303 0.0351840269009244 -0.000549596924074639 -0.47078910373241 0.991529232708649
V -0.508716278661595 0.00525106183997006 -0.000146058376616368 -0.398449747215232 1.09792520717485
W -1.992164475043 0.00357347513560004 -0.00101633286954874 -0.709650598683119 2.32430035814316
Y -1.26305316206491 0.0126256274656861 -0.000929217462039321 -0.307236083968933 1.22415152754261
