A -0.860427928358973 0.0216652005713249 -0.000191934645193102 -0.62103386070086 2.06917129255421
C -1.3339911176504 -0.00810996024869198 0.000158769949564954 0.363544237982076 -0.147200875725128
D -1.86757748258358 0.0499362172270336 -0.00121660062201636 -0.680790075238448 1.70980200916771
E -1.82506192748439 0.0538945511887001 -0.000842165954960229 -0.574901278768029 0.675159598435117
F -0.805322313587856 -0.00323151272447054 -0.000349410178174791 -0.183027140496658 1.12798434099841
G -1.20353874907893 0.0355649131297899 -0.00122260008475653 -0.996189741628239 3.12718607816195
H -2.19360531051683 0.0358938656443009 -0.00125743369330638 -0.920491681564595 3.47280211369869
I -0.562934119442481 -0.0069407381324346 -0.000155351515007459 -0.0740498890892518 0.476303942789717
K -2.07319360445165 0.0563693822091295 -0.00109362644229327 -0.518232254546717 0.973908770419374
M -1.80086518879723 0.00877138801314849 -0.000988970771434985 -0.479539043084858 1.82882292490593
N -2.04878606010728 0.0474413421454285 -0.00171608919110524 -0.686669831165172 1.75097154146634
P -1.83743522601047 0.0463469936479435 -0.00125315753343566 -0.643577269643829 1.54432058578035
Q -2.07667035471846 0.0484101026020518 -0.000619649411967337 -0.681593328185369 1.50395178800477
R -1.76800940319911 0.0446276827478165 -0.000557016246743692 -0.979692470522334 2.65453596742159
S -1.30679243983432 0.038808707324382 -0.00100671065883299 -0.528857878701023 1.57968690741777
T -1.37475527479726 0.0347178050903205 -0.000846695587362795 -0.602561008259622 1.48160292619214
V -0.454836481563045 0.00420177438488493 -0.000306463622072866 -0.286230160646668 1.23007193219733
W -1.94096848039088 0.00255794842615622 -0.000301274515260621 -0.421543822842126 2.12946808375926
Y -1.19908922353245 0.0122223905880958 -0.000942106429080708 -0.343589949250747 1.07443351344866
