A -0.92012317140006 0.0234613210891475 -1.30380292843564e-06 -0.510212811772208 1.13663776757629
C -1.46610762697372 -0.00727800806141956 0.000919911050101145 0.219492686570103 -0.728671831237464
D -1.94742396247839 0.0522861726128041 -0.00143322441897343 -0.768620854237936 0.774988237351011
E -1.89781562545762 0.0556526974700602 -0.000859080656671298 -0.642787921539066 0.771970939970834
F -0.85075311444448 -0.00299689732026303 -0.000404747883085019 -0.233736859839257 0.96623396921272
G -1.32571392341705 0.037788071516881 -0.00097940392675572 -0.644707162588511 1.0944982685094
H -2.24191509742993 0.0375706106033471 -0.00113918169385909 -0.957553549011132 2.63205859481213
I -0.607250597476267 -0.0057444597296359 -0.000183815190249164 -0.161139692858086 0.231022546661236
K -2.12620875821274 0.0581380722116036 -0.00120980164048617 -0.5804702028656 0.554952735170223
M -1.85219861141609 0.0109348852763091 -0.000537295976300884 -0.343136277909179 0.591281407993796
N -2.12235566007528 0.0492377530253252 -0.00130414143580504 -0.738464012597275 0.910064247281171
P -1.95988004678155 0.0485169942558608 -0.00140578397814274 -0.726245369540454 1.3204926362116
Q -2.13607189157244 0.0505760303418122 -0.000389706742254684 -0.607649449327069 1.08664025093563
R -1.83211336183996 0.0466035131802841 -0.00074302572514963 -0.801052690841406 1.86702078687072
S -1.38508173001619 0.0405245868365452 -0.000689381197900776 -0.61276347416166 1.03922561806211
T -1.44710550763274 0.036252980019938 -0.00101994989078035 -0.674116425112947 1.13363840852484
V -0.550870307225957 0.00622025030518786 2.56134386311331e-05 -0.357499058346634 0.886291672148902
W -2.05055441721706 0.00428143423788767 -0.000153336782997196 -0.521794275470952 1.83468222506892
Y -1.28427973489634 0.013524379388106 -0.0011628718515697 -0.336519130917326 0.846209929793002
