A -0.848155994797817 0.021543388627246 -0.00155579922314091 -0.141322812365149 0.639491080310365
C -1.25839846815107 -0.00787200543811107 0.00165528828662845 -1.22190504491401 5.15806070286321
D -1.85305078126425 0.0490809962143334 -0.0013832202134395 0.0814257398653926 0.0386558630978617
E -1.80541068454544 0.0528085251995182 -0.00121888529604158 0.112945396690762 -0.488164342347482
F -0.787420633869325 -0.00251174153466927 0.000693908785892292 0.143521325315095 -0.154998961846163
G -1.16580699826093 0.0344766675495656 -0.00120674471064532 -0.112495029127366 0.857332469958469
H -2.21791550407459 0.0344094497058444 0.000585251689396472 -0.447124039707584 2.82790163494741
I -0.585591020522963 -0.00473759081291973 -0.00084302026701039 0.116314269236767 0.178097846807658
K -2.04968232814813 0.0551627251527826 -0.00101737226173775 -0.138622274696722 0.340700371547637
M -1.89335762830925 0.0104552496977018 -0.00195111350354561 -0.422424731023164 2.12168492637634
N -2.01627063986985 0.0464061608459367 -0.00074346693384941 -0.10174285683499 0.477438885999978
P -1.89523711903786 0.046173674196982 -0.00123194378901123 -0.138112126253243 0.898001960086336
Q -2.07210552669447 0.0477457393276606 -0.000799834589253252 0.0634425458940708 0.236231936131195
R -1.72722112671171 0.0439119644311109 -0.00100254171766251 -0.257002041085235 1.0364639927087
S -1.30569221677264 0.0381083411984383 -0.000491062951419228 -0.0333863540533313 0.567561933477617
T -1.40907578484801 0.0351446238003731 -0.00116687318504095 -0.0858816774176093 0.834927397295688
V -0.505214894501271 0.00492973966971646 -0.000929506242792313 -0.173218022461225 1.36724107090167
W -1.97123293137702 0.00305855612242342 0.000801386053144224 -0.35350484635979 1.94374299295814
Y -1.18573838434071 0.0118631864182172 -0.000337322991099065 0.0739292789886402 0.107061777793136
