A -0.92037583820594 0.0228805495642859 -0.00021237798182239 -0.58875280156117 1.67329044162375
C -1.40765096820981 -0.00776192698258642 0.00146837019062814 0.358978491605336 -0.904526658779734
D -1.97917208830351 0.0518212044016375 -0.000983046446853908 -0.787840537016306 1.97246224606578
E -1.90932228843406 0.0552143625475667 -0.000489312451417114 -0.692793303941003 0.929622266350343
F -0.876549441455072 -0.00195647376028334 0.000174819085002934 -0.164341301981658 1.28280684141456
G -1.30855703561143 0.0373160120828207 -0.000753566037787191 -0.629475302832853 2.06079459074164
H -2.28853487333 0.0376387705553241 -0.000575486957414455 -1.08555010549193 3.68379946700916
I -0.612008416175974 -0.00526840647418236 -2.10427614432911e-05 -0.033450471188031 0.357485552102757
K -2.15578882816528 0.0577619804872141 -0.00072218737845409 -0.759133413247816 1.44308472685865
M -1.89393817404101 0.0111884834787905 -0.000561435261393831 -0.45189156833881 1.45851137005825
N -2.14278527389974 0.0491514834105509 -0.000597101922540767 -0.734633776414801 1.68259631233653
P -1.94034356316274 0.0478735808470043 -0.000637774371744832 -0.612985928595236 1.49685870605275
Q -2.1551993102742 0.0500507660039172 -0.000230750515730884 -0.902827627967935 1.68702534458357
R -1.87360552447253 0.0462356051675436 -0.000294948482469579 -0.984984766237445 2.52836362204681
S -1.38009068217115 0.0402776913305027 -0.000224613111855642 -0.507511367997849 1.59816641545977
T -1.46111730953943 0.0365913061922643 -0.000447542598763266 -0.582276669949898 1.39543896084448
V -0.558737415861925 0.00653878723013497 0.000232099647106736 -0.442489905604432 1.41659715988475
W -2.06810822973332 0.00423019289685597 0.000665407314944527 -0.552078615966697 2.40804246119898
Y -1.29630336131987 0.0133637013865923 -5.20103835872187e-05 -0.213186662395444 0.873297339344108
