A -0.864529502836978 0.0222519036991561 -0.000652747925519811 0.00847136867308633 0.903254804271945
C -1.38135525423747 -0.00879905099037879 0.00218565963317279 0.462253621062312 -1.22985823918837
D -1.86553732192686 0.0510932389510494 -0.00155575855791605 0.426396630204099 -0.777495198712125
E -1.82944528363289 0.0545934270011353 -0.00112107468788422 0.458659526078618 -0.664428740000006
F -0.78893509731291 -0.00324714503903506 -0.000352333895644959 0.144908576489119 0.131535390765119
G -1.21546935452134 0.0366220018611807 -0.00112444313107523 0.113870628487775 0.235797291357646
H -2.17128049896584 0.0365466410621491 -0.00142930337943936 -0.0716774232256489 1.17510722269198
I -0.612081334628576 -0.0059768757603196 0.000710519885987073 -0.299202636038775 1.07473950006085
K -2.09089909693387 0.0569644226028783 -0.00101929989120459 0.13466607901871 0.232007709665886
M -1.80385345761106 0.0104745770594508 -0.00126155468091195 -0.097151406976653 0.64458941803386
N -2.06748636335753 0.0484607850088942 -0.000874019205063144 0.25701506825998 -0.485901162254377
P -1.83303765905756 0.0467361316084858 -0.001152637948515 0.267840399974884 -0.467460302938622
Q -2.07644854740702 0.0492316029211634 -0.00101809003112328 0.190844447581187 0.127618986652884
R -1.77683600721635 0.0453158098677124 -0.00109681191100269 -0.0457917475905073 1.05898668148404
S -1.30307972586216 0.0393676909419533 -0.000583783976047079 0.193662247689823 -0.253810897009134
T -1.37977342918219 0.0353017157850754 -0.00031694384750635 0.178309979270092 -0.0889465174238491
V -0.52109882462795 0.0053078218821593 0.000261867914251056 -0.208449613303456 1.50181759252876
W -1.97940169022293 0.00336774190715083 0.000441223944269285 -0.119927457275775 0.665170225999107
Y -1.25068992014654 0.0127720652858139 -8.56783089107988e-05 -0.000782418490420726 0.146319428835515
