A -0.911504076669748 0.0232506778652333 -0.000454904476366119 -0.611242346648443 1.58316124488181
C -1.41525210200493 -0.00753023085197483 0.00131866102763414 0.256350109559557 -0.315123426855916
D -1.94834943758977 0.0520690951912699 -0.00079698923236038 -0.866234702766703 1.90804241334687
E -1.89964022677672 0.0557575671266641 -0.000548279448903956 -0.56652184651848 1.40430416342102
F -0.852917268179234 -0.00142343092264641 -0.000122114287641257 -0.25082332625132 1.4259570654806
G -1.3060435154929 0.0375053165991707 -0.00054709561629361 -0.801061883374422 2.17114084705241
H -2.26656182778187 0.0376098835170261 -0.00030674020847002 -0.980207356365921 3.33596982416982
I -0.623160588023777 -0.00496677034462721 0.00078576188029235 -0.112640694078335 0.86327312586057
K -2.16081933957024 0.0586963617062109 -0.000323814993300379 -0.590122588575838 1.52301020801846
M -1.86728405214242 0.0110261020926687 -0.000407853257879617 -0.593523152943592 2.3102919019264
N -2.08754098186279 0.0499662197441649 -0.000923313768957838 -0.90024869737306 2.36701670324896
P -1.92643943081358 0.0482011621214978 -0.000534742493528906 -0.693375779795782 1.49513473001886
Q -2.15166317990476 0.0507520618607959 -0.000511886844414197 -0.785411503597128 1.62328872602015
R -1.86320488002864 0.0467422611759455 -0.000347217201564162 -0.88669184042652 2.47087505393728
S -1.35674223109062 0.0406892616486737 -0.000330194829925282 -0.728954224611938 1.5792449796753
T -1.45806306311537 0.036996934036553 -0.000169748141907322 -0.687563981360914 1.63422286379049
V -0.57912297314548 0.00738965950219847 0.000495463081737965 -0.320508668166412 1.34813389050679
W -2.0667073942664 0.00575461192454596 0.000191022714856593 -0.426329905796131 2.1336623916818
Y -1.3012747347468 0.0147384805637153 -0.000306657213591805 -0.458157945518485 1.58909289501704
