A -0.913924417243545 0.0238056500345541 0.000432589088847583 0.0642759085623507 0.13452506433903
C -1.46924578570836 -0.00661515704771666 0.00338156708253386 0.566009931884108 -2.20150484246895
D -1.94691112577929 0.0528625343306413 -0.000456210065868106 0.470212847864206 -1.26081454696475
E -1.90082986075864 0.0563413044025176 -0.000231972673593247 0.357831882874933 -0.848558116522789
F -0.847131519977534 -0.00259179098048658 0.000734827522243586 0.14188070470568 -0.100714469761191
G -1.30995953509708 0.0382199989162276 -2.86746679802922e-05 0.23512760614261 -0.826372808262027
H -2.27637303416797 0.0386383587124878 -0.000300673451903828 -0.129300227193654 1.4977531059607
I -0.634380392132097 -0.00562309568506805 0.000897017789101934 -0.0242682988753735 -0.133651204950947
K -2.15585486665271 0.0587466819358156 -0.000384603620947697 0.252384156334841 -0.454957060018816
M -1.873089611922 0.0110327865757041 0.000635155689715324 -0.129753542183661 0.188261466551753
N -2.08544786428264 0.0495827666841058 -0.00136221516214501 0.396834641210765 -1.19872033295595
P -1.94351767067466 0.0490839992525574 -0.000174799059657865 0.195009653045833 -0.983261122976471
Q -2.12372436670198 0.0510337215682035 -0.000270758944916157 0.290984306761698 -0.356504243423135
R -1.86408383335957 0.0472850285815752 0.000215015823239851 0.0344870405998872 0.695690232848094
S -1.35413628874292 0.0410246523394495 -0.000304497705134618 0.303973842981655 -0.934833027157267
T -1.44150781733336 0.036651448310843 -0.00015278097421589 0.257658530035375 -0.73823231125545
V -0.582906701484851 0.00683461223263101 0.00114940706961429 -0.186489661376543 0.586007420461819
W -2.09318840329653 0.00579353168087113 0.0017724712503248 0.0104721745784755 0.0814741087270005
Y -1.31668289862016 0.0143050788283037 0.000735767810626031 0.124006090014451 -0.567432947038006
