A -0.910779043709848 0.0228334880479696 -0.000761974056245947 -0.406523965245218 1.39286911586056
C -1.46490607480895 -0.00619595512950648 0.00159819924405868 0.311860018690687 -0.708718992521052
D -1.91690457327535 0.0512045318356755 -0.00154010774883607 -0.582444518080482 1.44267501434234
E -1.87477260802508 0.0550481284722847 -0.00143295582922348 -0.519256497164628 0.91819264534909
F -0.807196446915683 -0.00368821931794642 -0.000194375069280202 -0.0329687738186396 0.589549623720189
G -1.26806383780355 0.0366479103620039 -0.00153667785743503 -0.469328618220246 1.57957576938117
H -2.23912082972856 0.0369425502677126 -0.00130433677921226 -1.10450847336144 4.04367101392866
I -0.606044318853794 -0.00622522574365407 0.000136168428579212 -0.00433036092275509 0.264378254886637
K -2.08973481163523 0.0572649222647933 -0.0014227810255006 -0.304634957466099 0.460016089531625
M -1.80739436564597 0.00971238742556679 -0.000881400561645268 -0.226677786889315 0.754110991475713
N -2.10865313820797 0.0484114755005345 -0.00117647978338392 -0.735883524871348 1.24873999702862
P -1.89537915247681 0.047513757656509 -0.00122200846383105 -0.487284772519933 1.01915315084073
Q -2.11201107014107 0.0492048094685296 -0.000933932438594423 -0.521882755881615 1.44702596239945
R -1.81348655090831 0.045785717940773 -0.000702341204659389 -0.630267962305182 1.83738501943794
S -1.38603936452401 0.0396575404875802 -0.000590829546461337 -0.529825056370422 1.39372635454111
T -1.42647596800474 0.0352262012992671 -0.00090692856534082 -0.47275538196163 1.2215332499326
V -0.530875501330155 0.00613328916779072 -0.000743922466199766 -0.282135933265154 1.11863615102529
W -1.99753074041136 0.00524946018632015 -0.000738042987775654 -0.432482721565016 1.61907089242103
Y -1.23449896354987 0.0129431026856398 -0.000899329705324673 -0.406963538985373 0.970764440723614
