A -0.877278455084881 0.0228098963111291 -0.000562683384352948 0.0674828005949761 0.407999347802936
C -1.39461135869362 -0.00791276647062843 0.00375991435853846 0.604161691282336 -1.92250851969084
D -1.87539831879721 0.0518488620079191 -0.00139639568700374 0.718060201398334 -1.02744400601628
E -1.84411337162435 0.0553941216795882 -0.00094895883959115 0.623007685525953 -0.685574157242686
F -0.838983696883857 -0.00218894654973599 0.000244153384740807 -0.0371235624159965 0.753456762178304
G -1.25566328188145 0.0372496169238316 -0.00053183852181505 0.357294813723446 -0.201529833950405
H -2.24836648658134 0.0375598082802972 -0.000699345157544776 -0.128927719423859 2.01447473467244
I -0.583743990510346 -0.00552203195269048 0.00105870755969076 -0.086161771875912 0.869330491212365
K -2.09560745846656 0.0579801282181574 -0.00069518258374057 0.503886877764197 0.0376101969890605
M -1.77740368915812 0.0106687652980269 -0.000988580669361235 0.0443931451418273 0.261851310010183
N -2.0632237601477 0.0494571116347902 -0.000689950651309619 0.699873027342008 -0.831360750483151
P -1.86428990783577 0.0475088135257013 -0.000652769971963842 0.48600066774309 -0.970413139520621
Q -2.09273682406217 0.0499529460797164 -0.000902183966150185 0.336524603809073 -0.190870923046081
R -1.77625969563224 0.0456394208871021 -0.0012498500161238 0.205216511924423 0.55071486159681
S -1.31231065284053 0.0401688336651356 -0.000664754863809236 0.357597589712436 -0.646282907960685
T -1.40263481965553 0.0361935262317699 -0.00029874231882457 0.281006885544935 -0.285496522121882
V -0.535005587400607 0.0065935620437723 0.000494041331589274 -0.184991555064314 1.05420786220086
W -2.01177246047583 0.00490058665798112 0.000130787652752041 -0.0155669720174764 0.541866003513625
Y -1.26952448178449 0.0142414133412547 4.78126534578476e-05 0.239662497530891 -0.0474660349579303
