A -0.834276420198878 0.0227128713536556 -0.000520147969762647 -0.448689923120783 0.341191043525319
C -1.41574643047307 -0.0076791630000645 0.00153551649782524 0.222514249886272 -1.35231856465279
D -1.95223227668761 0.0526046149195329 -0.000815986367781952 -0.907752834585207 1.63346885391519
E -1.90468661171727 0.0559400917477564 -0.000782434366168902 -0.747208561222201 1.9581979414583
F -0.844441440649639 -0.00250890537448109 0.000245075244661987 -0.40156922927553 1.2612116435488
G -1.27725194685738 0.0378779444846086 -0.00085061601707037 -0.431170717035471 0.62142480352032
H -2.20916683790834 0.0368938969184516 -0.000366565000559404 -0.937616717437573 1.98376690429186
I -0.594698039455137 -0.00510669761380533 0.000416760450390693 -0.267516084357991 0.727708700063926
K -2.07653901116633 0.0582904191249734 -0.000429044834644721 -0.364587272667552 0.357089476790775
M -1.81511478689819 0.0104388935010574 -0.000288228507537266 -0.206065419208499 0.875163267848184
N -2.11714198981441 0.0496318813796528 -0.000507982547951391 -0.564387236062353 0.702994052383289
P -1.9145716905327 0.0479758805084868 -0.000311170161203242 -0.529681220455957 0.031289279815608
Q -2.09302114808817 0.0502197897701 -0.000724676984596212 -0.490009418994365 0.498275735917466
R -1.74908531653696 0.0459074879254084 -0.00112580344244479 -0.615704203853578 0.644174600790872
S -1.34817131556953 0.04046482266457 -0.000437378590856611 -0.541530326275077 0.316741374997701
T -1.41397757025549 0.0364410740627985 -0.000702853808245481 -0.534117946790393 0.588635199432155
V -0.543133057587593 0.00621211991677921 0.00021378399639328 -0.535091622293963 1.30367405820559
W -2.05267647042641 0.00495497649994342 -0.000663629717389325 -0.501677265102184 2.42715617780772
Y -1.27343449714087 0.0137590071589034 -0.000523872919999739 -0.53558485055952 1.32196931123038
