A -0.95027079499376 0.0222059915814785 0.000411643354491214 -0.192144063389669 1.76739246300846
C -1.51516247830934 -0.00810006576546984 0.00438851137780369 0.345337189844501 -0.571504730176423
D -1.89905262207216 0.0515444158778903 -0.00159592426451511 0.100212839780349 0.218856220650436
E -1.86938433372438 0.0553680545524251 -0.00114314709402532 0.178196446735491 0.457735822326174
F -0.81083880429657 -0.00373175841029288 -0.000344409321792386 -0.206586216629369 0.837763958016663
G -1.30348258303782 0.0372485301827861 -0.000946150741052083 -0.00421190162105298 0.773031329995946
H -2.24269050937276 0.0373109614059683 -0.00108048405196871 -0.613608674016461 2.85131850936618
I -0.597599308331293 -0.00567850769191683 0.000422294489726987 -0.16333148688742 0.784395715997527
K -2.09972053182989 0.0579055974718019 -0.00115653571619056 0.216300983528844 0.602258323070599
M -1.74062335614185 0.0102745710809464 -0.000289937288595103 -0.504045840854266 2.21066536570335
N -2.11323080399348 0.0491699860173617 -0.00139988230228209 0.099280143913765 0.782790430750007
P -1.91506413450336 0.0475811685815139 -0.00127537251038831 -0.151608143334273 0.681697335492176
Q -2.12720611124255 0.0498432962138699 -0.00122716356522827 0.00754426089398362 1.17868801391219
R -1.82299325013361 0.0460720016282842 -0.000505346491203142 -0.0879817899244701 1.52626657968352
S -1.3627938442525 0.0396854691222361 -0.000806126166070507 -0.116471918858167 0.753945835679414
T -1.40867255863901 0.0354377237035169 -0.000750724640382618 -0.110573282117699 0.384757724825045
V -0.547861818572582 0.00545008832627996 0.000532105088235891 -0.0211269339315465 1.06426615148379
W -2.05336502543693 0.00379725455523367 0.000178448417054977 -0.052813989186327 1.55371482851684
Y -1.25176713032025 0.0139841319184192 -0.000547459548519699 0.0704291303153441 0.268658860708305
