A -0.853556563168559 0.0231780081569173 -0.000580697801536249 -0.548914419483809 0.795417873561936
C -1.43972134804834 -0.00756367247356447 0.000888100861444967 0.146675598080192 -0.772997300674153
D -1.90618589631477 0.0524007244946435 -0.000944590666903486 -0.446784584176835 -0.201871558046676
E -1.86135862772063 0.0558776645186196 -0.000497886173721552 -0.20069451592408 -0.0306950947668326
F -0.830840902389627 -0.00305630146922438 2.27645586791513e-06 -0.327940117316045 1.04883100799911
G -1.28004158962252 0.0378910041678111 -0.00128332769255527 -0.705588593492749 1.22213457259885
H -2.22519683964917 0.0369526664207939 -0.00110899918801516 -1.36223517549585 3.33393758619321
I -0.595689926959892 -0.00557311283247388 -7.30289325891882e-05 -0.288226708423913 0.684214422752178
K -2.16404045913452 0.0580325147822895 -0.000329875050039054 -0.881080654111716 2.45442094142829
M -1.79991088064175 0.0101678764148159 -0.000315726335859799 -0.0121504178019573 0.456510886322819
N -2.10976124366733 0.0493769505384053 -0.00109966092611337 -0.78163488636161 0.851404748531433
P -1.93231849901063 0.0483323314083756 -0.00106860145575029 -0.43547928582425 0.746497228721554
Q -2.10746501876977 0.0504829936448098 -0.000966396190790227 -0.426179492281414 0.768052338917799
R -1.85144317944846 0.0463383539884327 -0.000797439034834138 -1.1902873632029 3.39739290719051
S -1.36103455570388 0.0402111802107328 -0.000722945244645161 -0.638108529030945 0.922458993165297
T -1.43814677697198 0.0364659210445272 -0.000983560890612541 -0.657110556789494 1.23186870153226
V -0.534060942525228 0.00602397892984613 -9.36367671585129e-06 -0.427653323248505 1.20051945554943
W -2.05001317680859 0.00478631176258667 -0.00031314910200624 -0.451795317688241 1.89001282510902
Y -1.25836290891517 0.0132894781403794 -0.00053610161536731 -0.374703840036133 0.770909874280672
