A -0.86932305839645 0.022928142526207 -0.000120017099321841 -0.62873295296033 1.14770410123329
C -1.46262440902186 -0.00699096823560427 0.001434205332563 0.110729741352084 -0.42528200180471
D -1.91317652780732 0.0518012184929262 -0.000480192384544517 -0.798765072245312 0.903537447398317
E -1.85751394764219 0.0553864186284801 -0.000202036956154723 -0.352220607352814 0.0111955088378505
F -0.825637682502439 -0.00283427277020767 0.000116256491843928 -0.0974327622336679 0.868513063976268
G -1.29685156022648 0.0376289278084158 -0.000866078215147376 -0.94344093651493 2.40154533089498
H -2.2514844717019 0.0373809211196187 -0.000850341137240064 -1.48209485986542 4.09890302142559
I -0.595169654263928 -0.00583820513805137 0.000375123624005493 -0.0897523567516914 0.467074810407645
K -2.19398697190997 0.0580627118459025 0.000176134888782785 -0.996504120566753 2.57290939587225
M -1.83570912183819 0.00975666176016876 -0.000374927644654132 -0.367353418255076 1.55994215202204
N -2.12054179643377 0.0492716968521511 -0.000976812195906936 -1.03847863633385 1.96913453869799
P -1.91275459843865 0.047742669895725 -0.000817870841904009 -0.609502446537893 1.19438868111086
Q -2.11763637272489 0.0501650069331791 -0.000482065658436424 -0.746355218395129 1.26413774101458
R -1.8352011550126 0.0459809948516751 -0.000812312894681369 -1.30844889994066 3.62190536925832
S -1.37986165588597 0.0403914927557155 -0.000527416382836075 -0.74741709329763 1.62109012456471
T -1.44457147343185 0.0362004587460282 -0.000354348565330104 -0.780185125159431 1.63278576102532
V -0.543731661579957 0.00626983390658153 0.000354871479412458 -0.325414382904978 1.2725399152678
W -1.98758267110352 0.00461910372891379 -0.000964395354821702 -0.376894019270917 1.99557810778524
Y -1.2702947478443 0.0136991651091 -0.000471641564476152 -0.40274705414371 1.22150307889316
