A -0.846543720556608 0.0220949376282922 -0.00145621150645365 -0.155105492867211 0.755264227501258
C -1.35508563588952 -0.00749115344867013 0.00243194718908855 0.41732385018104 -1.40571911622974
D -1.81878421617902 0.0503062885758921 -0.00235692757059596 0.237725639718626 0.0532778993944493
E -1.79936277157376 0.0540292061407482 -0.00161364385361366 0.0931326001557841 0.0990297693643203
F -0.774411498705117 -0.00372738123193093 -0.000804363928139411 -0.0715070524761305 0.72808317174347
G -1.20071393389577 0.0360945760336243 -0.00180741292329267 0.0137040066097946 0.676388700666707
H -2.14799234697154 0.0357677053039614 -0.00150593374107353 -0.394485016481011 2.16749622935494
I -0.579665147239405 -0.00557532076598097 0.000408661369281705 -0.0459704868940545 0.529212774692571
K -2.07309693514726 0.0568067077979202 -0.00162168740761117 0.141614986235208 0.632466830377465
M -1.78016483969558 0.00913922883617473 -0.00126722765709927 -0.235362076578181 1.11622997310236
N -2.03861986107315 0.0480005135176591 -0.00147852826285987 0.186122706529511 0.245583648365832
P -1.81951917467759 0.0463970190126487 -0.00229937698757139 -0.245013479057172 0.95435736490412
Q -2.05598140822181 0.048664846768592 -0.00152706359842791 -0.0337928461276037 0.535515108245844
R -1.74717639485377 0.0449163098654184 -0.00125508162618018 -0.0842104950315009 1.21306831474424
S -1.29116195962149 0.0394072534918929 -0.00151721180906562 0.107950992662804 -0.00201397216694654
T -1.35173752604808 0.0354411228971268 -0.00125221306219041 0.164017252064055 -0.194185380259296
V -0.5034520517216 0.00582984499355085 -0.000401598697275436 -0.200968449515191 1.05917754125985
W -1.90838776506362 0.00337184160029161 -0.00202664844423059 -0.367108838447363 1.67456212918475
Y -1.14943991567887 0.0124283045443545 -0.00151163085609011 0.0927021521617507 0.128785416047188
