A -0.844976231025023 0.0223945387952063 -0.000781768961453448 -0.302706925054852 0.863545076397477
C -1.41529223965326 -0.00761876141654784 0.00197542942934354 0.368862324424379 -0.776962240422957
D -1.90276244791308 0.0513888823478479 -0.00120706586791506 -0.436650871466385 0.961869932549703
E -1.85666440060238 0.0548849743276246 -0.000777146658914316 -0.32678344519488 0.369814334735532
F -0.829766734451254 -0.00281045678414203 0.000232010603962861 -0.0897130514004633 0.848088570305464
G -1.22306841661967 0.0367329313557337 -0.00120936255551695 -0.213295533805628 1.10272825783347
H -2.20118623911828 0.0368568112867869 -0.00105760462696253 -0.70706170731034 2.49320235951931
I -0.587444668554746 -0.00545270718151586 0.000150512645138753 0.0159332353202127 0.618030098114448
K -2.08733136191377 0.0571911021871619 -0.00109971522030675 -0.357311418553223 0.860111963547838
M -1.85444121989828 0.0102298150906996 -0.000822833457163635 -0.364613837938432 1.66888328278249
N -2.09245988049491 0.0487965494033837 -0.000581830281676566 -0.374021180513968 1.094440823751
P -1.85055828820641 0.0471258221877042 -0.000762914391488645 -0.274445782094868 0.481152033908355
Q -2.08417572541403 0.049412936877639 -0.000743400445616921 -0.392419044844016 0.753191825294578
R -1.78447070995097 0.0456396993495413 -0.000870208062815275 -0.537823022776665 1.52457011258859
S -1.32783421085675 0.0397216691484955 -0.000388965858435209 -0.355452717218247 0.91606121109465
T -1.43008286645948 0.0362041122722682 -0.000117068309216473 -0.543238163831382 1.35081315316378
V -0.525679726058506 0.00634382025029771 3.42196620540813e-05 -0.230066715313575 1.39648543017517
W -1.99831169330917 0.00341801208466187 0.000477425376995107 -0.156648056162336 1.39783782199283
Y -1.23632539968721 0.0126849642727509 -0.000191605290536851 -0.1478657035851 0.528558227334366
